385687
697843
603692
667538
597
76600
727340
705996
851644-20
496243
397567
204553
581528
375262o
278
424
155
122
637
157336
244786
27205
509
207
299534
12445
10528
824
293660
398818
438631
331482
102651
603
561
804
376290
314365
446354
361743
2064
4348
350
257211
24420
76341
546554
661374
291549
205596
337404
118 
296096 
12153
567646 
572164 
11178
346646 
77117 
253065 
640
316029 
313369 
20453
437068 
18384 
1726
199584
497698 
396535 
499028 
42190
448491
453127
488623
454992
84111
20342
162
259316
497582
22
101299
8966
872585
238
11036
379170
122906
515001
82695
429617
921636
298618
476669
475557
566525
284054
198663
13403